0.501467
0.381523
0.900073
0.666685
1.0544
0.497428
0.357546
0.972539
0.952482
0.162145
0.599921
0.608409
-0.0112766
1.04288
0.395685
0.304381
0.98183
-0.0195061
1.04723
0.553853
0.295181
0.90509
0.484728
0.684806
0.0237058
0.796783
0.813363
0.0930983
0.643499
0.107435
0.315558
0.708042
0.532998
0.0722537
0.210693
0.322332
0.374721
0.211298
0.0241763
0.656397
0.0944187
0.473796
0.872637
0.42603
0.0428987
0.81977
-0.026453
0.788712
0.820166
0.840271
0.360317
0.631686
-0.0756034
0.887894
0.466246
1.02302
0.369727
0.313697
0.726014
0.694945
0.107588
0.358085
0.744134
0.69992
0.305415
0.0272583
0.690996
0.528417
0.313807
0.201195
0.0778026
0.3887
0.528905
1.01677
0.237914
0.744039
0.751528
0.362154
0.0836601
0.294102
0.705262
0.43261
0.0428291
0.538869
0.203595
0.551011
0.807751
0.603805
0.609257
0.0185281
0.68017
0.551117
0.0579091
0.667171
0.901598
0.371582
0.552454
0.0304449
0.981584
0.826546
0.283856
0.00946701
0.178273
0.719045
0.649175
0.529669
0.745948
0.889659
0.10866
0.370367
0.921713
0.267926
0.777184
0.686766
0.324167
1.01636
0.204909
0.107668
0.357874
0.765659
-0.0404565
0.250742
0.299256
0.211972
0.787121
0.335736
0.235619
0.370492
0.724492
0.304709
0.264168
0.802794
0.316777
0.41962
0.0369712
0.0205877
0.55455
0.00688319
0.726703
0.163221
0.449042
0.271096
0.821343
0.0501429
-0.0854544
0.76379
0.459795
1.04375
0.938769
-0.00640927
0.41183
0.440692
-0.0687405
1.00624
0.0752625
0.734402
0.274733
0.154759
0.198984
0.828966
0.555773
0.981785
0.841997
0.390561
0.050974
0.165298
1.00971
0.328863
0.809481
0.233429
0.370235
1.04617
0.829397
0.447095
0.044716
0.495291
0.982894
0.676085
-0.0352874
0.113717
0.706478
0.653516
0.247722
0.416741
0.10828
0.999294
0.4242
-0.0377322
0.880094
0.0683511
0.692393
0.757557
0.41587
0.737444
0.794139
0.731124
0.771705
1.0423
0.65757
1.02108
0.0787816
-0.0642956
0.0815355
0.752018
0.855983
0.715647
0.282573
0.397342
1.04134
-0.051979
0.876939
-0.00917523
0.0967505
0.151748
0.172627
0.89234
0.087158
0.982563
0.397931
0.00759476
0.00494289
0.894683
0.145372
0.467981
0.767235
0.541021
0.329617
0.256158
0.0402179
0.664362
0.888973
1.01029
0.899336
0.345847
0.489217
0.428188
0.0593054
0.500117
0.60264
0.360012
0.813313
0.0645576
0.348111
0.107842
0.13455
0.27842
0.498982
0.515151
0.918221
0.424208
-0.0541854
0.435882
0.610437
0.215994
0.0627543
0.57843
0.161443
0.770121
0.857721
0.155822
0.0893331
0.0796635
0.0654841
0.557567
0.00155397
0.218702
0.0976652
0.671952
0.438681
0.360622
0.191812
0.680136
0.23931
0.169662
0.356874
0.140374
0.171141
0.774076
0.220112
0.692059
-0.0701373
0.222392
0.836604
-0.0637964
0.871119
0.835153
0.689436
0.491126
0.299909
0.336203
0.115085
0.00721977
0.939617
0.332762
0.647217
-0.0659464
0.784327
0.349786
-0.00614097
1.01039
0.857917
0.620943
1.0379
0.586443
0.693217
-0.0167202
0.541959
0.750476
0.832596
0.751336
0.737576
0.495881
0.359138
0.872408
0.790014
0.665126
0.756786
0.842812
0.523741
0.535727
0.258309
0.138581
0.319857
0.339768
0.572164
0.783441
0.62576
0.543157
0.378696
0.833652
0.174818
0.258324
0.197665
0.741755
0.958564
0.0241089
0.166841
0.338978
0.136397
0.556963
0.595328
0.43298
-0.0565871
0.296292
0.0409666
0.937197
0.621408
0.173147
0.4239
0.646924
0.419898
0.300777
0.258535
0.134168
1.0324
0.179678
1.02296
0.428123
0.921531
0.199141
0.891473
0.285411
0.695885
1.01456
0.931641
0.246155
0.858904
0.661713
0.490943
0.177137
0.178799
0.361863
-0.063517
0.773014
0.725898
0.146271
-0.00997381
-0.0760644
-0.0106515
0.339042
0.184807
0.937765
0.226095
0.364487
0.403882
0.146671
0.910499
0.11487
0.676506
0.715436
-0.0396263
0.327906
0.111848
0.343867
0.519547
0.189744
0.413761
0.0617637
-0.0221864
0.86159
0.186845
0.554054
0.616411
0.401504
0.139827
0.816097
0.962423
0.498205
0.23242
0.189592
0.532158
0.194074
0.306885
0.377689
1.00849
1.01338
-0.0785071
0.801419
0.994939
0.412603
0.348561
1.01128
0.807896
0.118749
0.180824
0.728953
0.79032
0.730607
0.150881
0.0829927
0.222009
0.86532
0.716198
0.0301306
0.656619
0.116716
0.14492
0.525473
0.713711
0.400531
0.0168861
0.389798
0.613009
0.225462
0.0806701
0.264894
0.998089
0.503744
0.859313
0.809275
0.609344
0.0112393
1.01385
0.72195
0.0681314
0.0426413
0.489387
0.796363
0.748008
0.911833
0.435057
0.105549
-0.0290035
0.57593
0.980468
-0.0684042
0.152252
0.869793
0.543829
0.420531
0.0718785
0.897585
0.106278
0.0641988
0.0304764
0.634408
0.757566
0.363783
0.58031
0.336729
0.173654
0.151153
0.641276
0.770939
0.620649
0.146163
0.882046
0.523759
0.926088
0.323687
-0.0636451
0.0563893
0.907881
1.02551
0.983989
-0.071222
0.100054
0.325073
0.688613
0.179491
0.210808
0.47079
0.698132
0.420678
0.349215
0.309782
0.912162
0.102993
0.989833
0.454877
0.703208
0.415442
0.115118
0.830008
0.94843
0.114386
0.338648
0.211782
0.64477
0.966269
0.819255
0.906492
0.193647
0.833247
0.162543
0.450557
0.805477
0.804303
0.724724
0.190339
0.140099
-0.0808117
0.384604
0.234421
0.225188
0.664219
0.216482
0.314247
0.625841
-0.0686743
0.473022
0.94266
0.719221
0.742628
0.438171
0.513752
-0.0893891
0.0670283
0.163228
0.977582
0.285756
1.0291
0.065012
0.984528
0.418759
0.898578
0.200206
0.436837
0.876361
0.0516275
-0.0521207
0.171207
0.926843
0.867994
0.100713
-0.0633142
0.550079
0.14823
-0.0822614
0.3917
-0.0771251
0.0443229
1.0296
0.713105
0.617326
0.062899
0.711666
0.546199
0.976261
0.437598
0.524589
0.457335
0.710828
0.47382
0.0377334
1.01801
0.125792
0.917918
0.769825
0.000314625
0.562976
0.565081
0.146814
1.00187
0.0997432
0.109599
-0.0821906
0.524717
0.406336
0.721915
-0.022599
0.60623
0.7041
-0.00512092
0.158143
0.360352
0.599113
0.0788215
0.241167
0.476386
0.516872
0.739363
0.779796
0.302935
0.223213
0.548075
1.00662
0.171339
0.255443
0.500127
0.841437
0.926738
0.0674801
-0.0278498
0.0367608
-0.0229228
0.969042
0.191106
0.0633958
0.725665
0.494513
0.818897
1.02756
0.660312
0.423937
0.119845
0.98767
0.434278
0.896
0.134306
0.376345
0.0448411
0.462707
0.551312
0.77845
0.736407
0.218069
-0.069245
0.413269
0.00901077
0.349418
0.930032
0.786342
0.238485
0.62031
0.486823
1.0296
-0.0842888
0.614782
-0.0583493
0.111333
1.03327
0.528897
0.148888
0.758179
0.070879
0.487648
0.530196
0.165909
-0.0489434
0.548742
0.17837
0.898797
1.04447
0.738734
0.501677
0.303439
0.417928
0.815844
0.131556
0.588014
-0.0495706
0.954974
0.95611
0.177439
0.859082
0.123224
0.0792687
0.124564
0.383126
0.298483
0.668744
0.142482
-0.0470352
0.27362
0.75258
0.916169
0.998573
0.557315
0.69954
0.60097
0.460903
-0.0184196
0.914819
1.05324
0.998905
0.245281
0.792653
-0.0709488
0.834504
0.670222
-0.0701239
0.0739165
0.847662
0.0356188
0.736636
0.923793
0.0193
0.747722
0.120554
0.0502781
1.03368
1.05319
0.318978
0.238257
-0.0179379
0.159182
0.671051
0.318597
0.192887
0.174439
0.712443
1.00694
0.622884
0.485963
0.0691133
-0.0193577
0.915035
0.325991
0.0550858
0.252836
1.0386
0.888726
0.743629
0.678264
0.667838
0.384249
0.842432
0.582068
0.953957
-0.0775404
-0.0212316
-0.0327754
0.31009
0.554287
0.505567
0.199063
0.374989
0.510094
0.581242
0.589003
0.802451
0.571843
0.823427
0.504261
0.163036
0.503048
0.582949
0.742718
0.382082
0.502408
0.298528
0.035925
0.11958
0.0846032
0.307595
0.125649
0.848445
0.292929
0.896833
0.206438
0.260747
-0.0832511
0.782313
0.460918
0.488088
0.270006
0.914291
0.29547
0.719355
0.334862
0.433408
0.600583
0.401218
0.216796
0.560729
0.695073
0.976089
0.601833
0.402476
0.92665
0.121286
0.278472
0.879393
0.901879
0.13314
0.71039
0.980152
0.76309
0.709582
-0.0309954
0.736294
0.616856
-0.082389
0.313209
0.766436
0.379415
0.0357652
0.0876753
0.0975664
0.397458
0.518637
0.487442
1.0164
0.0508999
0.400594
0.359981
0.404952
0.670332
0.581209
0.971176
0.746278
0.516117
0.884416
1.00526
0.353335
0.242761
0.884165
0.291693
0.713354
0.94499
0.369697
0.313684
0.804044
0.315374
1.03914
0.15577
0.64669
0.0536776
0.157495
1.04543
0.114298
-0.034769
0.790087
0.506469
0.344899
0.0734696
1.03343
0.646244
0.53564
1.02893
0.72796
0.965648
0.352006
0.566717
0.00365302
0.973868
0.548467
0.145354
0.480847
0.430791
0.500903
0.221008
0.272072
0.801526
0.0533081
0.624399
0.530047
0.312525
0.923894
0.796354
0.710047
0.513676
-0.0811006
0.421806
0.920149
0.492673
0.463276
0.430132
0.736856
0.120972
1.04425
0.689676
0.717591
-0.0604879
0.163016
0.934476
0.849188
0.0979474
1.01699
-0.00849106
0.274032
0.0388472
1.02136
-0.0843623
1.02011
0.923019
0.313718
0.2627
0.905332
0.401751
0.121546
0.217523
0.728846
0.69727
0.922866
-0.0399457
0.839244
0.637768
0.244472
0.71724
0.511573
0.449796
0.725703
0.430327
0.658235
0.827349
0.773032
0.095487
0.957222
0.280594
0.173646
0.56044
0.568394
0.690524
0.793645
0.156017
0.958183
0.343548
0.393803
0.904865
0.0533237
0.189845
0.000673415
0.656248
0.346979
0.82917
0.211147
1.00293
0.531553
0.786539
0.756066
0.08083
0.381495
0.0571314
0.108304
0.383795
0.663537
0.20606
0.193071
0.0687974
0.250697
0.646804
0.0901966
0.622133
0.256475
0.819861
0.85666
0.378657
-0.0840717
0.972011
0.822872
0.949805
0.25694
0.717783
0.247979
0.582487
0.796495
0.587427
0.724667
0.627691
0.123816
0.172945
0.132713
0.489455
0.718501
0.913039
-0.0246199
0.388726
0.161279
1.02105
0.0960323
0.0950144
-0.00985287
0.750443
0.936054
0.468989
0.490558
0.441687
0.352203
-0.0699715
0.513744
0.589013
0.207915
0.639089
1.02368
0.278236
0.637611
0.505348
0.794597
-0.0570291
0.210896
0.115224
0.305988
0.722312
0.539387
0.470856
0.167231
-0.0395413
0.766562
0.551029
0.875527
0.180564
0.372972
0.177506
0.534624
0.598616
0.358237
0.838122
0.43802
0.348561
-0.0472476
0.107164
0.255677
0.320721
0.0403508
0.482989
0.522946
1.02781
0.584666
0.820156
0.75282
0.0546977
-0.0112444
0.422917
0.605479
0.690056
0.390302
0.380519
0.698757
0.375032
0.103919
0.584737
0.286041
0.116111
0.496713
0.625951
0.336304
0.233013
0.574726
0.196587
0.959579
0.374285
0.91139
0.947106
-0.0715352
0.776885
0.419537
0.473498
1.0317
1.04114
0.882424
0.58548
-0.0120301
0.808136
0.290051
-0.0392957
0.338651
0.463196
0.581133
0.942559
0.525592
0.0917497
0.63186
0.0294261
0.688258
0.279435
0.622658
0.804746
0.825966
0.159706
0.546626
0.690784
0.933173
0.325031
0.565554
-0.0486926
0.273282
0.412485
0.752725
0.903917
0.109468
0.946707
0.00995682
0.203474
0.928199
0.214512
0.429142
0.689295
0.155795
0.0686652
0.621033
0.612373
0.762995
0.0230262
0.67348
0.119006
0.197321
0.693006
0.694429
0.891429
-0.0650738
0.912624
0.984833
0.616363
-0.0398731
0.610174
0.373958
0.838091
0.912085
1.02029
0.564669
0.384479
0.625947
0.282324
0.883956
-0.0744467
-0.0193983
0.0505849
0.43069
0.446834
0.0925513
0.498678
0.965696
0.852384
0.219919
0.256854
0.250029
0.0196884
0.377251
0.55946
0.0308266
0.743642
-0.0641367
0.0492774
0.136931
0.198336
0.417163
0.0694751
0.75289
0.317264
0.910692
0.474624
0.889729
0.289343
0.186705
0.717249
0.0986687
0.476236
0.278637
0.859004
0.670237
0.69877
0.394203
0.314682
0.914479
0.991322
0.92519
0.42205
0.152148
0.934527
0.438169
0.0838931
0.359642
0.374319
-0.0731251
0.675124
0.883568
0.928104
0.236765
1.01133
0.204142
0.0691976
0.997684
0.142937
0.115746
0.479023
0.72728
0.886919
0.711203
0.205475
0.0905648
0.341667
0.545883
0.584225
0.932325
0.383813
0.850518
0.968173
0.987727
0.647384
0.877378
0.147646
0.201426
0.856852
0.13784
0.986443
0.906714
0.84602
0.514994
0.593791
0.392592
0.516467
0.241453
0.265544
0.0658185
0.435028
0.200049
0.270522
0.0736745
0.706464
0.145642
0.0579714
0.60045
0.441692
0.844181
0.340011
0.314376
0.086135
-0.0279178
0.814277
0.457597
0.140366
0.72431
1.03567
1.02905
0.903763
0.174518
0.591151
0.859998
-0.0816101
0.32524
0.608662
0.471499
0.871301
-0.00564681
0.73306
0.334599
0.554694
0.441572
0.148232
-0.0169722
0.32774
0.585224
0.30045
0.431995
1.00024
0.910435
0.268239
0.233787
0.0913717
0.878318
0.678818
0.790821
0.821535
0.0834748
1.01498
0.641266
1.01829
0.662092
0.00569069
0.0458472
0.36676
0.903652
0.489296
0.879278
0.955
0.588291
0.904198
0.136369
0.0753737
0.41788
0.0504116
0.653551
0.323536
0.148955
0.220864
0.601975
-0.087548
0.161033
0.0430975
0.66873
0.181295
0.216744
-0.0236233
0.948464
0.55124
0.959119
0.551277
0.937728
1.0219
0.856837
-0.0801458
0.607006
0.664366
0.185467
0.118419
0.640713
0.818421
0.223308
0.875226
1.03448
0.863453
-0.024014
0.178682
0.54461
0.67356
0.255196
0.834063
0.72313
0.845427
0.650351
0.126632
0.222117
-0.0650771
-0.0107157
0.16611
0.713242
0.607122
0.952547
0.24277
0.915943
0.655726
0.491153
0.161964
0.638833
0.539149
0.472898
0.913317
0.359145
0.406383
0.240963
0.485735
0.352616
-0.0287689
0.045203
0.933787
0.557287
0.631561
1.0401
0.986342
0.158754
1.02906
0.595101
0.253657
-0.0723065
0.591144
0.274472
0.632593
0.227527
0.278562
0.499154
0.896659
0.330598
-0.0309626
0.382466
0.304976
0.243777
-0.0230372
0.19158
0.92844
0.690891
0.566887
0.0208867
0.322601
1.02476
0.731498
0.79192
0.882114
0.613082
0.904545
0.349957
0.574752
-0.000508914
1.0262
0.0458735
0.849693
0.709615
0.843899
-0.0193811
0.295306
0.859301
0.938581
0.447822
0.23323
0.943975
0.301394
0.181837
0.938088
0.982929
0.724816
0.921104
0.870486
0.788078
0.218748
0.721257
0.406143
0.196728
0.53006
1.00775
0.919963
0.10868
0.663724
-0.002816
0.151166
0.874084
0.921679
0.430279
0.346338
0.902162
0.10869
0.522873
0.379577
0.588785
0.867356
0.893953
0.580885
0.298895
0.173119
0.68375
0.346609
0.684206
0.856966
-0.00242264
-0.0794249
0.853406
0.272988
0.0930544
0.759352
0.2284
0.197646
0.168679
0.328742
0.220885
0.716875
0.477872
0.65215
0.40758
0.379336
0.480602
0.749427
0.134177
0.428186
0.439178
0.399037
0.799416
0.139369
0.213329
0.787717
-0.013099
0.801273
0.457275
0.251062
0.840735
0.998323
0.708546
0.22968
0.563843
0.437333
1.04926
0.419895
0.0358771
0.646003
0.274404
0.366864
0.42408
0.798763
0.311832
0.945109
0.268239
-0.0743145
0.942633
0.125714
1.04322
-0.0703415
0.554244
0.392559
0.735474
-0.0602569
0.50644
0.667961
0.894857
0.637257
0.474958
0.711171
0.0357298
0.822159
-0.00648775
0.902048
0.984069
1.04034
0.348074
0.424764
0.365443
0.0332801
-0.0253887
0.345934
0.326189
0.929337
0.871797
0.369334
0.752443
0.429184
0.332019
0.61647
0.297461
0.36799
0.566298
0.661271
0.816313
0.649354
0.870916
0.940508
0.703798
0.886167
0.553024
0.961635
-0.0249715
0.31194
0.490875
1.00343
0.725045
0.683299
0.659884
0.870594
0.45635
0.706298
0.367006
0.235328
0.858596
0.73797
0.518364
0.996133
0.379573
0.900369
1.01538
-0.0449254
0.847958
0.0441294
1.04059
0.0386068
0.897788
0.379872
0.108162
0.492463
0.675518
1.02929
1.02667
0.711438
0.539937
0.130392
0.730632
0.318424
-0.0566161
0.550276
0.456868
0.430073
0.890221
0.79659
0.758187
0.541366
0.644539
1.01718
1.02849
0.578265
0.963418
1.02045
0.838658
0.472439
0.00514876
0.734035
0.451346
0.935698
0.916955
0.643845
0.176964
0.336289
0.863873
0.0347335
0.484239
0.671625
0.337119
0.205927
0.103478
0.351885
0.675479
0.268964
0.99665
0.198229
0.101624
0.715306
0.936041
0.883273
0.478788
1.02393
0.915798
0.191782
0.0963794
0.650475
0.198519
-0.0267314
-0.0531845
0.807675
0.906861
0.610535
0.547635
1.03472
0.744451
0.22442
1.03472
0.294888
1.03234
-0.0644113
0.857307
0.643339
0.741385
0.238051
0.0319376
0.899008
0.870376
0.663886
0.996214
0.096399
0.486706
-0.0142082
0.210014
0.752619
0.738607
0.914412
0.903699
0.938061
0.806374
0.716747
0.780253
0.982136
0.60548
0.479939
0.451078
0.315401
0.695607
-0.0043618
0.146864
0.32289
0.183523
0.0607641
1.00708
0.169931
-0.0598282
-0.0598904
0.0470365
0.143354
0.176039
0.181651
0.185183
0.547299
-0.0769232
0.677729
0.769681
0.563271
0.486621
0.601892
0.320211
0.461339
-0.0637268
0.583049
0.385371
0.999796
0.467792
0.65956
0.345674
-0.0174231
0.263804
0.486105
0.962485
0.793533
0.853575
0.956725
0.470789
-0.0583586
0.767456
0.0115478
0.587626
0.348673
0.542338
-0.0587327
1.02719
0.720959
0.444288
0.986133
0.537822
0.956744
1.04267
0.061021
1.00001
0.398128
0.301326
0.925048
0.459478
1.02784
0.490214
0.620757
0.828738
0.243528
0.573611
0.44419
0.575083
0.526841
0.715345
0.756492
0.39704
0.123241
0.675058
1.04122
0.970927
0.0226552
-0.0671704
0.669296
0.106197
0.38599
0.0682835
0.632849
0.197544
0.380887
0.998956
0.167014
0.194209
-0.0635876
0.0380745
0.630286
0.611692
0.0296959
0.208918
0.583458
0.0941061
0.0733041
-0.055236
0.758013
0.328051
0.851627
0.955376
0.0441784
0.971149
0.704795
-0.0877034
0.666598
0.0535146
0.263698
0.639305
0.0124849
0.516998
0.635988
0.448413
0.660819
0.610866
0.752734
0.364176
0.291306
0.85196
0.213519
0.667884
0.664185
-0.029373
0.49389
0.513534
0.0275273
1.02805
0.834671
0.645112
0.273175
0.185112
0.237574
0.751118
0.894892
0.878291
0.398458
0.0246261
0.889837
1.03789
0.667998
0.599124
0.860199
0.165296
0.796868
0.0334544
0.975028
1.05127
0.304608
0.48169
1.02907
0.213335
0.50613
0.60242
-0.0768121
0.107399
0.576196
-0.0664102
0.757519
0.687905
0.153801
0.669634
0.727814
0.844466
0.288572
0.829374
0.133229
0.401785
0.908134
0.215447
0.245895
-0.0777831
0.395077
0.940058
0.897903
0.0698231
0.80574
0.772949
0.122299
0.290125
0.525545
0.696688
0.382832
0.343238
0.144349
0.115313
0.396811
0.77179
0.881753
0.143937
0.422311
0.98554
0.248894
-0.0415308
0.433308
0.34611
0.140309
0.219731
0.363877
-0.077345
-0.0162465
-0.0752187
0.231593
0.522212
0.494921
0.125697
0.848529
1.01295
0.240353
0.834043
0.395726
0.997013
0.682859
0.53035
0.848381
0.190616
0.63326
0.76383
0.611191
0.510566
0.74513
0.306113
0.617336
0.925296
0.534605
0.355312
0.333047
-0.0542614
0.357458
0.353224
0.712389
0.311433
0.59438
0.27084
0.625896
0.604714
9.04497e-05
0.359215
0.552675
-0.0648089
0.747381
0.493449
0.440878
0.825183
0.351568
0.493194
0.569737
1.02202
0.25379
-0.0186946
0.940988
0.289636
0.917497
0.596476
0.570923
0.37278
0.759944
0.816509
0.621745
0.194289
0.83652
0.128921
0.502575
-0.0681707
0.268992
0.913121
0.333061
0.539448
0.284715
0.0528165
0.304179
0.00749463
0.216902
0.966475
-0.0205405
0.884991
0.164513
0.440798
0.778689
0.26662
0.494546
-0.0802725
0.890283
0.270234
0.0744469
0.91582
0.326084
0.233852
0.809999
0.872035
0.222526
0.332703
0.579918
0.275217
0.688842
0.0849695
0.624394
-0.0362472
0.996717
0.0472247
0.305005
0.0557824
1.04267
0.529979
0.220305
0.214177
-0.0145593
0.203432
0.456446
0.945046
0.0900557
0.118705
0.308527
0.76533
0.341905
0.558026
0.0164303
0.146263
0.0343491
0.90928
0.219496
0.851192
0.776176
0.178157
0.907307
0.0117914
0.819721
0.123388
0.533024
0.151673
1.02191
0.682461
0.826485
0.451058
0.0355339
0.225528
-0.0268664
0.56753
0.0128119
0.753612
0.353807
0.369819
0.252075
0.305511
0.274939
0.668849
0.831707
0.931397
-0.0273919
0.530195
0.634306
0.690694
0.894436
0.158329
-0.00857837
-0.0796976
-0.0213771
0.664656
0.713046
1.01514
0.402458
0.970503
0.0408035
0.904634
0.242302
0.580305
0.577068
0.543017
0.615855
0.380679
0.397881
0.397289
0.223951
0.684649
0.230621
0.625641
-0.0476731
0.449639
0.758338
0.22672
0.81242
0.691214
0.838406
0.75716
0.199594
0.060142
0.399913
0.0327057
0.414138
1.03878
0.495417
0.656775
1.02499
0.0925123
-0.0248915
-0.071244
0.864253
0.291952
0.500454
0.079275
0.862721
0.517347
0.053676
0.32558
0.122242
0.8565
0.66654
-0.0300283
0.775632
0.901583
0.219088
0.474661
0.806336
-0.0270016
0.498521
0.0498185
0.737209
0.00271038
0.847856
0.267525
0.527191
0.655573
0.630344
0.652905
0.908408
0.324246
0.299848
0.114052
0.861935
0.028319
0.741518
0.372281
0.664542
0.0287958
0.169117
0.253585
0.843942
0.230362
0.405677
-0.0263688
0.660782
0.0128529
0.250801
0.588274
0.827474
1.00896
0.928749
0.823513
0.851163
0.180618
0.0482651
0.198219
0.885202
0.402456
0.285167
0.493382
0.326777
0.842782
0.179901
1.00929
0.256055
0.84684
0.801813
0.878459
0.808237
0.257651
0.45023
0.79485
0.385932
0.593363
0.0644808
0.754074
0.195854
0.276406
0.778466
0.650417
0.0418776
0.0236426
0.807643
0.735974
0.770325
0.753981
0.115945
0.32728
0.789733
0.331193
1.02798
0.00151869
1.04953
0.699545
-0.0763561
0.347116
0.512076
0.34203
0.401275
0.932616
1.01863
0.0721242
0.869067
0.522367
0.936756
0.759504
0.151243
0.281594
0.513522
0.815256
0.815088
0.525788
0.975656
0.415832
0.138184
-0.0479277
1.00105
0.336196
0.788249
0.000819399
0.672094
0.164771
0.144809
0.711549
0.882895
0.832077
0.38407
0.680018
0.159238
0.868755
0.646879
-0.0232553
0.052027
0.522242
0.377212
0.0721171
0.214281
0.049466
0.0863948
0.468612
0.952173
0.427958
0.630598
0.608777
0.370191
0.0530939
0.0750535
0.360285
0.926753
0.729984
0.994424
0.328556
0.39885
0.415095
0.132258
0.295692
0.480072
0.746613
0.459085
0.335141
0.883835
0.00104129
-0.0368186
