0.608234
0.370607
0.562852
0.485282
1.17748
1.12899
0.676327
0.416503
1.12371
0.197303
0.62316
0.817303
0.79133
1.20876
1.21193
0.684619
0.992394
0.830764
0.459102
0.880296
1.01311
0.604213
1.03723
0.600317
0.213228
0.484482
0.614199
0.952112
0.889414
0.432628
0.71367
0.427546
0.959976
0.57368
0.677655
0.624713
0.185428
0.752159
0.994181
0.50352
1.12017
0.877542
1.15627
1.10751
0.873712
0.0819176
0.737071
0.829117
0.504201
0.69172
0.756796
1.05825
0.751389
0.711834
0.975613
0.971754
1.17895
0.619789
0.126496
0.984773
0.323552
0.536417
0.576409
0.997124
0.174285
0.589841
1.00809
0.566882
0.91965
0.469628
1.09748
0.139458
0.907295
0.105177
0.723191
1.06418
0.317973
1.11348
1.02311
0.250186
0.934415
0.380491
0.492504
1.1697
0.786665
1.07757
0.788847
1.12586
0.769779
0.965887
0.242023
0.519013
0.434563
0.682604
0.521725
0.29729
0.962892
0.858862
0.379727
0.860661
0.638713
0.112157
0.704176
0.799665
0.941853
0.469743
0.660026
1.01367
0.335456
0.574432
1.03759
0.478075
0.711795
0.698727
0.536002
0.583471
0.670895
1.0294
0.841209
0.507445
0.889964
0.0999361
0.56319
1.17421
0.0814332
0.725299
0.353707
0.407973
1.07137
0.901273
0.104668
0.106631
0.228693
0.903929
1.0583
0.339793
1.12476
0.14107
1.096
0.191179
0.902192
0.898273
1.00078
0.441397
0.807138
0.779416
0.883209
1.10463
0.580159
0.194941
0.445498
0.530465
0.241618
0.578569
0.909233
0.845777
0.351287
0.215147
0.206548
0.267638
0.0974631
0.648993
0.726065
0.450509
0.651901
0.737034
0.801528
1.04771
0.0984216
1.06512
0.753897
1.0683
1.04068
0.0957898
0.848196
0.740352
0.0954007
1.18812
0.262614
0.53884
0.160743
0.65879
0.384668
1.14089
0.302953
0.61383
1.062
1.07972
0.800594
0.362414
0.649814
0.843759
0.363723
1.11188
0.580949
0.151439
0.0803607
0.832054
1.21448
0.526568
0.21939
0.844634
0.140165
0.834384
0.844323
1.03772
0.123356
0.174539
0.509146
0.808232
0.438532
0.687021
1.14988
0.804038
0.843612
1.07073
1.01495
0.0959728
1.18942
0.399732
1.10829
0.911043
0.681217
1.18208
0.151408
0.892772
0.165443
1.02718
0.425882
0.643145
0.81243
0.93052
0.821002
0.175309
0.590804
0.168824
1.06841
0.388057
0.32978
1.00815
0.145203
1.03779
0.77581
1.21151
0.158381
0.946388
0.552756
0.209281
0.444337
0.676301
0.744267
0.739998
0.382701
0.589826
1.13304
0.133673
0.647193
0.929224
0.409657
0.633829
1.13458
0.363895
0.687464
0.670609
0.372221
0.973714
0.398397
0.437653
0.583396
0.47569
0.535127
0.167902
1.01512
0.621867
0.398032
1.01801
0.59307
0.402543
0.998408
0.808187
0.967433
0.444554
0.138411
0.500601
0.994769
0.171333
0.260315
0.742588
0.117936
0.310834
1.10129
1.16621
0.837373
0.650845
0.472447
1.10917
0.0933491
0.698722
0.947349
0.947614
0.536695
1.12744
0.130725
0.878454
1.19271
0.235438
0.80262
1.15129
0.310359
0.785756
0.8062
0.953738
0.988209
1.06726
0.325662
1.19
0.415773
1.08427
1.05001
0.124017
0.591017
0.694938
0.251898
0.77963
0.446702
0.280759
0.115961
0.980097
0.224735
0.434102
0.253421
0.827967
0.593971
0.164757
0.194995
0.785144
0.783114
0.386752
0.585577
0.165729
0.612304
0.769618
0.0948795
0.175676
0.159769
1.17824
0.558844
0.156579
0.740251
1.17476
0.410281
0.551776
1.12674
0.167641
0.676829
1.12657
0.193226
0.517008
0.2384
0.866143
0.491303
0.80027
1.08044
1.06642
0.689185
0.95384
0.641692
0.888931
1.00501
0.280965
0.73893
0.271611
0.754845
0.150998
1.10813
0.127043
0.798109
0.929288
0.571968
1.10935
1.17095
0.608718
0.531295
0.919773
0.354265
0.692339
0.104436
0.698268
1.18922
0.273476
0.541932
0.973833
0.842961
0.091456
0.409607
0.542983
0.68253
0.411485
1.05896
0.159079
0.262069
0.975638
0.10683
0.422268
0.935354
0.853042
0.151531
0.951532
0.782231
0.405136
0.625916
0.688905
1.00451
1.01413
0.435352
0.232408
1.07496
0.577357
0.733842
1.07696
0.408234
1.10658
0.88452
0.127729
1.15806
1.1391
0.830529
0.252031
0.366257
0.82359
0.245438
0.387063
0.900344
1.00445
0.483859
0.754767
1.09191
0.702076
0.87927
0.106051
0.299616
1.19856
0.795186
0.415783
0.80808
0.302975
0.222198
0.740901
0.97621
0.571305
0.75472
0.345565
0.160117
0.209291
0.509748
0.397036
0.394024
0.447501
0.316633
0.814289
1.02367
0.599424
0.289797
0.994558
0.332801
0.788872
0.566975
0.678213
0.384794
1.15065
0.648886
0.785755
0.235832
0.213493
0.37791
0.225817
0.641953
0.631379
0.406815
0.870969
1.10583
0.383088
0.0984186
0.698217
0.305702
1.14287
0.879
1.22254
0.878528
1.14
0.66035
0.940108
0.982049
1.09304
0.433987
0.559469
0.311145
0.749174
1.14275
0.530102
0.853488
0.311079
0.215749
0.669169
0.73215
0.43314
0.553952
0.318012
0.226037
0.329782
0.623888
0.797509
1.21726
0.723852
0.561495
0.970747
0.47029
1.02926
0.765882
0.521252
0.74247
0.580006
0.378477
0.505633
0.70932
0.946402
0.712627
0.974179
0.956356
0.934537
1.12907
0.820988
0.590409
0.0940332
0.457419
0.271653
0.283253
0.43657
0.834306
0.988572
0.890588
1.14431
0.857317
0.722068
0.839957
0.861671
0.239842
0.189027
0.647426
0.772562
0.598736
0.212696
1.14591
0.258978
1.01789
0.778639
0.433787
0.471996
0.786437
1.04191
1.12816
1.00681
0.740589
0.78565
0.875409
1.10998
0.196543
0.979138
0.297569
0.981253
0.964243
0.397235
0.200244
0.70946
1.08558
0.245913
0.375482
0.634987
0.683367
0.231547
0.506332
0.648298
0.558211
0.480362
1.0468
0.98608
0.351794
0.540515
1.22119
0.649866
0.454811
1.1016
1.11574
0.386588
0.0781503
0.59787
0.716398
1.06867
0.246518
0.570358
0.833814
0.505955
0.614774
0.257144
0.883343
0.560341
0.107451
1.06116
0.788716
0.853825
0.618716
0.676046
1.10944
0.427259
0.202154
0.686825
0.713694
0.396548
0.833624
1.13489
1.09068
0.80898
0.953506
0.708707
0.631868
0.130445
0.938997
0.577217
0.297892
1.09367
0.875918
0.373282
1.00314
0.187077
0.639328
0.86706
0.92243
0.671258
0.796907
1.16697
0.699072
0.104553
0.699655
0.843882
1.12174
1.02406
0.799732
0.804667
0.553127
0.35663
0.399441
0.965502
0.196358
0.888782
0.458518
0.563149
0.837598
0.672413
0.397939
0.263091
0.432039
0.961359
0.742137
0.807622
1.20735
0.0989649
0.667448
0.283718
0.460846
0.113089
0.510443
0.496697
1.20662
0.114742
0.653725
0.0990715
1.04044
0.151787
0.280056
0.269984
0.459812
0.567855
1.12466
1.0895
0.636965
0.829392
0.426303
1.17326
0.459739
0.566775
0.848664
0.594975
0.187871
0.278533
0.542604
0.711479
0.446473
0.101318
0.205575
1.01181
0.249168
0.98737
1.07292
0.769348
0.935224
0.470521
0.741349
0.894871
1.22263
0.19975
0.959069
0.597893
1.19058
1.18213
1.11225
0.289788
0.407091
1.17074
0.612435
0.115499
0.270497
0.901521
0.449564
0.256735
0.654805
0.544413
0.263431
0.614952
0.525431
0.875319
0.896548
0.839829
1.05305
0.638006
0.745994
0.811679
0.393327
0.533814
0.78075
0.915014
0.143169
0.0980448
0.299308
0.879983
0.936347
1.09055
0.439546
0.407933
1.02677
0.189177
0.571249
0.552328
0.163118
1.0552
0.114482
0.478065
1.13416
1.09735
0.644591
0.247252
0.950053
0.519999
0.58064
1.12088
0.986089
0.954511
1.19777
0.835423
0.578827
0.45583
1.20742
0.220613
0.238639
0.835504
0.842853
0.572291
1.13154
1.05801
0.272676
0.173507
0.325835
0.66289
0.338197
0.954116
0.908596
0.547693
0.440502
0.175798
1.1584
0.142995
1.21073
1.13962
1.16376
0.683736
0.61184
0.418212
0.632066
0.605395
0.785229
1.01118
0.302567
0.184374
0.294681
1.1155
0.383293
0.211708
0.351927
0.151804
0.63307
0.40076
0.335006
0.659594
0.133747
0.890243
0.260172
0.79544
1.17687
1.02572
0.600755
1.19689
0.824997
0.809044
0.54754
0.80084
0.939042
0.863968
0.977434
0.846813
0.459285
0.685777
0.76101
0.361857
1.19716
0.39721
0.178705
1.00528
0.24794
0.475407
0.791521
0.398741
0.415852
0.169171
0.720307
0.21373
0.799608
0.479724
1.16861
0.107217
0.772891
1.09071
1.1688
0.370966
0.882725
0.882788
1.03046
1.08822
1.20258
0.290318
1.12709
0.803881
1.03217
0.143749
0.227156
0.878747
0.0891329
0.631195
0.796297
1.11882
0.544003
1.00582
1.13439
1.08508
0.663573
0.765569
0.243934
1.03514
0.318468
1.04794
0.540754
0.213537
0.625771
0.217751
1.09423
0.341819
0.13026
0.85817
0.67822
0.880275
0.804555
0.494686
0.158423
0.187872
0.9438
0.11501
0.624523
0.364367
0.140492
1.17597
1.16296
0.723608
0.424138
0.298466
0.295258
0.198838
0.129188
0.64257
0.723988
0.219847
0.247503
0.796938
0.827196
0.480233
0.188869
0.460458
0.728121
1.05133
0.855764
0.850629
0.452433
0.301567
1.00464
0.145688
0.414252
0.702852
1.16746
0.302052
0.363209
0.883585
0.186995
1.13619
1.12461
0.435957
1.19192
0.327939
1.0191
0.124436
0.577616
1.13951
1.19526
0.710818
0.539421
0.602096
0.891889
0.633634
0.534397
1.16899
0.396232
0.82273
0.160705
0.49619
0.781306
0.511166
0.163568
1.14806
0.532712
0.596601
1.13648
0.112738
1.18222
0.760467
0.697208
0.641355
0.762875
0.10746
0.602583
0.194936
0.207059
0.179659
0.119037
0.307669
0.186548
0.657264
0.268786
0.985921
0.697074
0.99655
0.975024
0.689334
0.795926
0.096869
0.480224
0.83161
1.08028
0.246154
0.255637
0.125518
1.10502
0.749093
0.997241
0.685929
0.594193
0.433309
0.759554
0.539856
0.160898
0.983996
1.137
0.256738
0.847126
1.0319
0.198576
0.666354
0.117902
0.863903
0.408964
0.713638
0.705464
0.561962
0.434689
0.430495
0.919054
0.596731
0.330687
1.14195
0.274376
0.471695
0.99863
0.978049
0.360566
0.662812
0.499516
0.566554
0.101978
0.386743
0.915542
1.18701
0.507973
0.351739
1.19181
1.08874
1.0223
0.586217
1.01649
0.387566
0.343048
1.09883
0.996093
0.880158
0.788503
0.791157
0.124013
0.456944
1.17552
0.682788
1.18537
0.972445
1.05283
1.12322
0.810809
0.871571
0.137819
0.554436
0.213457
0.258171
0.689021
0.156328
0.34071
0.685758
0.473892
0.473957
1.0061
1.16674
0.590461
0.380402
0.351089
0.64618
1.13567
0.689155
0.91516
0.297154
1.10061
0.465796
0.498963
0.569219
0.680622
0.441403
0.66029
1.13869
1.20879
0.22856
0.767716
0.251777
0.124507
0.780813
1.04061
0.743268
0.821791
0.336055
0.681844
0.906109
0.568592
0.7726
0.89396
0.0914908
0.130896
0.388126
0.952927
0.899069
0.147635
0.619962
0.532976
0.862941
0.307118
0.648781
1.21912
0.225515
0.872053
1.04921
0.907557
0.890266
0.397866
1.08693
0.781642
0.552145
1.18997
0.998913
0.317452
0.317764
1.01555
0.210418
0.567036
0.683945
1.21895
0.436012
0.132584
1.0721
0.834624
0.478975
0.0919646
0.578454
1.15269
0.497143
0.394508
0.601459
0.535785
0.339541
1.14271
0.537495
0.757739
0.982378
0.193193
1.01259
0.937704
0.809064
0.237457
0.675118
1.20167
0.866774
0.879883
0.411493
0.260874
0.854176
1.04591
0.312235
0.721544
0.712537
0.358369
0.265238
0.264419
0.526046
0.461775
1.22
0.596718
0.550626
0.582185
0.978999
0.535869
0.922132
1.05163
0.852561
1.01819
1.19026
1.15113
0.374978
0.672682
0.986462
0.173224
0.968245
0.634361
0.228155
1.22343
1.01208
0.53961
0.652196
0.562021
0.519866
1.024
0.415652
0.532518
0.461827
0.939326
0.556154
0.607353
0.284954
0.462067
0.161961
0.673931
0.964601
0.663126
0.826779
0.833091
0.903299
0.569502
0.813954
1.05225
0.72872
0.947302
0.166684
0.61002
0.505189
0.627228
0.177723
0.248778
0.128526
0.178766
0.533553
0.446788
0.572993
0.741741
0.431418
0.48223
0.318325
0.167997
0.438313
1.03967
1.16146
0.681831
0.0994956
0.69753
0.57143
0.643041
0.910783
0.523788
1.20938
0.18699
1.10048
0.390626
0.69977
0.374754
1.21123
0.130496
1.10648
1.19209
0.362497
0.986639
1.18887
0.348858
0.125618
0.963144
0.666093
1.15636
1.1064
1.00304
0.575256
0.86968
0.524276
1.09395
0.24871
0.417485
0.121605
0.588484
0.507082
0.424796
0.558742
0.347061
0.373926
0.953235
0.974494
0.948186
0.911014
0.992877
0.805003
0.278754
0.539858
0.594482
0.154292
0.242433
1.17583
0.463921
0.137867
0.966503
0.538342
1.01956
0.746523
0.13817
0.526055
0.835456
1.10541
1.07867
0.58507
1.18032
0.863269
0.390992
0.491107
0.547362
0.730453
0.546767
0.854951
0.811007
0.666241
0.490103
0.938143
0.660707
0.0946754
1.07347
0.124866
0.383312
0.790707
0.887623
0.505886
0.754008
1.08401
0.163924
1.05614
0.11134
0.435316
0.932255
1.12867
0.954521
0.32374
0.478066
0.808508
0.334306
1.06675
0.911878
0.301869
0.56502
0.905505
0.265075
0.135598
0.967672
0.796597
0.881334
1.20104
0.236203
0.166904
0.979708
1.2126
1.00797
0.517919
0.122557
1.16665
0.504402
0.819276
0.704535
0.729821
1.12973
1.04368
0.655486
0.705918
0.790863
0.175087
1.06995
1.00705
0.895533
1.10346
0.405168
1.16706
0.54173
0.954668
0.158688
0.117851
0.64041
1.07499
0.523719
1.0138
1.1855
0.702641
0.864801
0.932104
0.654489
0.898699
0.104506
0.101856
0.124431
0.713052
0.61636
0.642509
0.564426
1.19839
0.975889
0.986623
0.20771
0.633922
0.483133
0.205904
1.04286
0.313199
0.124027
0.888772
1.08384
0.720646
0.887356
1.00897
0.263531
1.11815
0.624608
1.03845
0.847759
0.741386
0.738906
0.103717
0.170029
0.811307
0.970822
1.12771
0.289637
0.360041
0.263485
1.07761
0.847388
0.797841
1.12577
0.807955
1.20681
0.779701
1.02112
0.986173
0.52943
0.663975
1.19748
0.217282
0.818208
0.27411
0.687066
0.161502
0.807502
0.712071
0.669171
0.558547
0.70358
0.49222
0.584361
0.694708
0.305762
0.904711
0.864086
0.348449
0.968621
0.994935
0.445175
0.400154
0.784095
0.529469
0.848501
0.134017
0.678369
1.01663
1.00696
0.599564
0.780168
0.519008
0.950446
0.654516
0.442667
0.596038
0.174528
0.340111
0.683906
0.275747
0.527078
0.929737
0.475224
0.356449
0.322219
0.542645
0.409259
0.650101
0.926911
0.579746
0.224342
0.553832
0.872684
0.413406
0.0850604
0.995571
0.813408
0.732193
0.304391
0.829456
0.836097
0.0983641
0.122848
0.387092
1.2161
0.305114
0.601281
0.168675
1.1432
0.152945
0.230382
1.21135
0.208411
0.465563
0.409199
1.10389
0.40357
0.218066
0.901822
0.316436
0.909033
0.106303
0.398653
0.235331
0.334022
1.06463
0.85743
0.68264
0.881412
0.433528
0.650915
0.315526
0.695189
0.535657
0.759422
0.234869
0.869349
1.01749
1.07425
0.594061
0.159111
0.675324
0.458436
0.854497
0.443051
1.1355
0.480422
0.506108
0.994078
0.69816
0.370254
0.395936
0.392692
0.760119
1.08564
0.955872
0.920051
0.357768
0.835616
0.493855
1.05974
1.07537
0.978396
0.969113
0.510088
0.972237
0.183257
0.102851
0.164311
0.252323
0.698998
0.82115
0.14389
0.954203
0.407276
0.132749
0.829014
0.112912
0.391762
1.15205
0.59932
0.929441
0.207663
0.395223
0.687326
0.528058
0.928477
0.671825
0.186026
1.21406
0.779274
1.05828
0.668454
0.433549
1.01343
1.09993
0.886141
0.201529
0.240832
1.05242
1.05138
0.28978
0.151691
0.787886
1.06598
0.852657
1.05186
0.795026
0.947729
1.19456
0.630422
0.892713
0.411033
0.513374
0.920492
0.806033
1.12411
1.06905
0.320695
1.17843
0.517569
0.382761
0.306425
0.597038
0.33421
0.201752
0.200633
1.12127
0.56641
1.01468
0.331127
0.429454
1.09766
1.05546
0.827819
0.790598
0.635034
0.373898
0.0826747
0.566385
0.189506
0.711955
0.955233
0.601194
0.718613
0.770542
0.369941
0.926571
0.606179
0.418578
1.10459
0.325077
0.567309
0.417759
0.431814
0.689415
0.898035
0.98102
0.745633
0.610467
0.94327
0.405049
0.85586
0.39951
0.386119
0.246718
0.723064
0.336635
1.05617
0.12102
0.198265
0.991392
0.762726
0.272114
1.04057
0.916067
0.46799
0.834685
0.21957
0.520836
0.478968
0.843875
0.383048
1.14418
0.615422
0.524414
0.811474
0.45057
0.905551
0.56071
0.671778
0.717826
0.500571
0.442681
0.966626
0.288023
0.0813067
1.09286
1.05736
0.206731
1.06412
0.230363
0.664123
1.04347
0.380483
0.911899
1.13336
0.222725
1.07423
0.452295
0.933876
1.08574
0.773956
1.06188
0.992194
0.986355
0.872259
0.603639
0.264832
0.44091
0.390957
1.03144
1.07849
0.671175
0.834437
1.17048
0.301461
0.336366
0.476547
0.355758
1.21039
0.72218
0.534852
0.630485
0.997202
0.549636
0.415102
1.08346
0.937911
0.660856
0.127983
0.860203
0.647557
0.183472
0.946767
1.06371
0.152773
0.274232
0.426435
0.635975
0.395178
1.1664
0.860868
0.515238
0.801239
1.11637
1.04986
0.138096
0.562141
0.152374
0.893268
0.647566
0.956844
1.00421
0.589498
0.467891
0.512609
0.195059
1.0524
0.610139
1.2147
0.981386
0.636367
0.74053
1.10923
0.72964
1.09448
0.782659
0.92905
0.260385
0.802298
0.871186
0.115739
0.182378
0.182029
0.797755
0.668142
0.395112
0.939689
1.07011
0.775948
0.331689
0.14789
0.44282
0.239763
0.102021
0.822768
0.783233
0.19855
0.265361
0.452394
0.763066
0.821265
0.356887
0.710045
0.67103
1.02743
0.858267
0.6449
0.631931
1.06697
0.591208
0.929116
1.01654
0.372976
0.331066
0.42289
0.556064
0.118792
1.1278
0.454841
1.01182
0.638277
0.283639
0.29259
0.261444
0.894781
1.05488
0.778533
1.09251
0.606426
0.878667
0.661314
0.757685
0.862067
0.17537
1.08585
0.964694
0.69877
0.586064
0.419541
1.15036
0.506008
0.930956
0.645664
0.657792
0.28538
0.810981
1.18739
1.10298
0.728288
0.166838
0.848712
0.50425
1.06572
0.101331
0.406157
0.418159
0.504473
0.601109
1.08875
0.744202
0.57832
1.13886
0.881202
0.675251
0.489826
0.580685
0.642884
0.20496
0.464322
0.538858
0.95011
0.270993
0.655762
1.13378
0.945026
0.62581
0.818423
0.506106
1.09896
0.657932
0.884881
0.990372
1.05049
0.497495
0.576794
0.676418
0.808721
0.419255
0.0808934
0.893202
1.06306
1.20456
0.438964
0.815528
0.440402
0.131501
0.544419
0.537147
0.170764
0.0857748
0.672845
0.742198
0.517339
0.392459
0.319922
0.664746
0.325806
1.14913
0.187682
0.403773
0.528767
1.09287
0.746434
0.184688
0.850431
0.549154
0.555732
0.356158
0.249874
0.940834
1.10925
0.823245
0.435778
1.08538
0.708717
0.40192
0.418423
1.02586
0.716607
1.19964
1.10988
0.386854
0.591374
0.0963396
0.642107
0.87221
1.21716
0.919031
1.03727
0.858455
1.04053
0.232243
0.298841
0.675803
0.576134
0.781207
0.929471
0.529699
0.157929
0.2056
0.0902946
0.641453
1.07072
1.15437
0.430606
0.129932
0.750922
0.326154
0.866807
1.01689
0.636501
1.18273
1.14043
0.401562
1.02446
0.243789
0.899185
0.621998
0.745796
0.669981
0.495125
0.840803
0.552179
0.78969
0.954515
0.638533
0.814946
0.669304
0.814546
0.930794
0.0898479
0.260162
0.870473
1.10926
1.03369
0.685266
0.697858
0.814613
1.07708
0.256808
0.974864
0.691183
0.657603
0.847676
1.06489
0.607507
0.787622
0.729312
0.615072
0.252671
1.20211
0.308381
1.01747
0.239806
0.925152
0.665657
1.2087
0.18913
0.351448
0.635415
0.883474
0.707628
0.860847
0.518276
0.652677
0.103222
0.171674
0.326401
0.595135
0.270566
0.926715
0.476041
0.251317
0.662858
0.528986
0.283011
0.307192
0.860024
0.345622
1.11266
1.08606
0.13926
0.313795
0.657987
1.11174
0.0845377
0.561415
1.03007
0.858583
0.201945
0.764597
0.907062
0.847104
0.225368
0.471956
0.587355
0.524264
0.103881
0.690839
0.131462
0.803163
0.864235
0.96104
0.29915
0.723449
0.547002
0.633972
0.914694
1.14557
0.424428
0.12196
0.529159
0.367163
0.110963
0.564961
1.14297
0.985909
0.820488
0.378039
0.646982
0.434091
0.14974
1.07163
0.773281
0.978869
0.398268
0.510697
0.993771
1.13727
1.07789
0.791189
0.501408
0.563888
1.01368
0.347932
0.37011
0.197452
0.369474
0.357112
1.01254
0.938779
1.1779
0.17683
1.10074
1.01179
0.525922
0.787684
0.34019
0.813025
0.554798
0.362132
0.380344
1.19324
0.58108
0.689515
0.238829
0.319814
0.14088
0.772704
0.694201
0.483124
1.15825
0.737253
0.883638
0.865433
1.0089
1.13479
0.255619
0.372877
0.865492
0.717602
0.191133
0.867914
0.390613
0.167185
1.09125
0.870633
0.472301
0.728908
1.11703
0.423275
0.303552
0.632136
0.779625
0.437048
0.288658
0.567848
0.86215
0.947397
0.963232
0.109608
0.710966
0.285642
0.545368
0.882104
0.601623
0.88903
0.701828
0.545631
1.06266
0.737414
1.10115
0.111762
0.103231
0.579866
0.827803
1.12781
1.01354
1.15424
0.85205
0.594886
0.296739
1.21561
0.788318
0.4856
1.20869
0.952363
1.05575
1.00972
0.100224
0.224808
0.786729
0.0810895
0.640074
0.604579
0.328631
0.598972
0.288213
0.78111
1.19776
0.21008
1.0086
0.352613
1.16353
0.230331
0.800711
1.16526
0.0982104
0.455359
0.885952
1.14821
0.287439
1.12901
0.555974
0.604481
0.405881
0.0883261
0.806638
0.4522
0.626383
0.292138
0.602419
0.819829
0.622503
1.09865
0.383104
0.918591
1.07316
0.211041
0.776639
0.115518
0.649048
0.900611
1.05846
0.181506
0.0866898
0.284822
0.209841
0.192671
1.03801
0.993374
1.15915
0.443673
0.4905
0.481922
0.372332
0.646834
0.221183
0.0892886
0.32191
0.470146
0.093489
0.542686
0.630792
0.150285
0.397363
1.09196
1.14541
0.743173
0.85975
0.762654
0.259739
0.929164
0.454154
0.76425
0.421442
0.301235
0.353028
1.14306
0.308966
0.766146
0.153105
0.891063
0.155141
1.03199
1.15972
0.345968
1.10243
0.338208
0.144592
0.848494
0.68096
0.232258
0.522682
0.253277
0.626731
0.783073
0.830392
0.756328
0.765401
1.04706
0.865332
0.290797
0.0830862
1.20326
0.391231
0.743353
0.434053
1.1608
0.332817
0.116419
0.668891
1.14094
0.308874
0.617879
0.873196
1.12706
1.04047
0.692539
1.21842
1.1319
0.146828
1.19555
1.17969
0.340228
0.391213
0.670492
0.507585
1.05023
0.787089
0.881043
0.348411
0.523252
0.195914
0.502521
0.48
0.70418
0.664796
0.376393
1.15088
1.07762
1.17406
1.17519
0.271445
1.21943
0.325222
0.160591
0.545728
0.489921
0.750577
0.436673
0.548392
0.0948301
0.831376
0.252169
1.12
0.49851
0.14276
0.567605
0.351189
1.1276
0.260391
0.857611
0.695793
0.163969
0.296209
0.926728
0.397613
0.525641
0.948073
0.727904
1.16212
1.18927
0.443856
1.04852
0.714118
0.151879
0.370977
0.573476
1.03461
1.20403
0.651458
0.722933
0.172586
0.666366
0.577698
0.671736
0.997859
1.02212
0.301243
0.444291
0.163249
0.150551
0.207559
1.20937
0.948949
0.593433
0.690071
1.05909
1.0492
0.948319
0.172654
0.843536
0.873061
0.653166
1.04565
0.482729
0.209841
0.346254
1.00166
0.935651
0.531881
0.15607
1.11242
0.706366
1.01785
0.820597
0.825961
0.265752
0.952154
0.888219
0.115747
1.11241
0.877097
0.182879
0.874478
0.4373
0.912612
1.19898
1.1707
0.476239
0.745673
0.55753
0.664665
0.720361
0.158085
1.01371
0.250473
1.11722
0.541073
0.313872
0.792359
0.606386
0.431164
0.497047
0.796465
0.249913
0.0903345
0.594093
0.447511
0.590449
0.987187
0.261425
1.1958
0.949374
0.869685
0.767885
0.201432
0.158256
0.369202
0.500957
0.743238
0.236225
1.01928
0.696191
0.157878
1.04003
1.01771
0.274692
0.21362
0.366707
0.146665
0.547594
0.896809
0.330673
0.765299
0.170557
0.825321
1.12745
0.774656
0.439027
0.239178
0.794576
0.450168
0.803836
1.10502
0.939492
0.805768
0.994291
0.191751
0.499374
0.637589
0.339672
0.954729
0.829244
0.217019
0.140414
0.793451
0.130615
0.958198
1.17711
0.812822
1.14706
0.500133
0.613138
0.564446
0.288097
1.10562
0.329921
0.631251
0.807491
0.261298
0.605249
0.155952
0.46518
0.900653
0.500474
0.952671
0.931867
0.411043
0.738593
0.222666
0.271079
0.841044
1.1949
0.145122
1.11616
0.920307
1.0127
0.531548
1.03228
1.03501
0.270892
0.837938
0.323223
0.60235
0.511814
0.131842
0.940888
0.894088
1.0851
0.845838
0.415035
0.897272
0.812416
1.11306
1.08272
1.16206
0.421987
0.501343
0.705668
0.909304
0.365708
0.162981
1.00666
0.993366
0.898789
0.448641
1.01656
0.861673
0.646706
1.04401
0.412197
0.524746
0.61859
0.165195
0.366021
0.378449
0.142673
0.489482
0.635006
0.850805
0.407124
0.581263
0.865781
1.17245
0.242921
0.301826
0.79934
0.727603
0.807422
0.742982
0.0831766
0.479826
0.92357
0.870922
0.65841
0.603119
0.0828284
0.588463
0.76733
0.717147
0.0959057
0.523909
1.11323
0.597799
0.616533
0.0997202
0.533403
1.16952
0.483595
0.382408
0.402051
0.329876
0.624188
0.729347
0.978633
0.112893
0.497663
1.10827
1.19983
0.593452
0.856342
0.48369
0.452581
0.944101
0.575379
0.185731
0.908955
0.511937
0.848761
0.78764
0.596201
0.184989
0.762358
0.289965
0.408304
0.756161
0.8295
0.865735
0.14459
0.35794
0.104011
1.14628
0.884883
0.299393
0.424855
0.423756
0.45685
0.583079
0.619232
0.55043
1.10739
0.342277
0.557868
0.170902
0.455452
0.619803
0.494914
0.877356
0.777202
0.237196
1.07743
0.233918
0.95457
0.463476
0.350021
1.15137
1.14181
0.726052
0.67735
1.04671
0.58594
1.19096
1.00726
0.454539
1.08706
0.793974
0.227753
0.281636
0.205181
0.632842
0.270913
0.280002
0.499027
0.755598
1.13971
0.844644
1.12806
1.08473
1.06865
0.645128
0.997013
0.233064
1.13943
0.40396
0.215072
0.181475
0.347663
0.418553
0.230041
0.990009
0.477025
0.516782
0.63904
0.546992
0.11442
0.271075
0.85847
0.63301
0.615366
0.219359
0.784069
0.957764
0.635935
0.131173
0.623149
0.992578
0.243495
0.812949
0.562151
1.10272
0.679128
0.963113
0.875527
0.668416
0.891753
1.09138
0.651527
0.262925
0.188644
1.05812
0.733442
0.490192
1.09979
0.893108
0.263333
0.335335
1.1477
0.567038
0.641554
0.626743
0.492578
0.84487
0.917557
0.783897
1.10874
0.399318
0.750085
0.312382
0.471914
1.15857
0.242068
0.881907
0.918759
0.725307
0.7883
0.489745
0.296442
0.428588
0.657968
1.04935
1.06562
0.53183
1.07988
0.848957
0.170559
0.536277
0.51347
0.736673
0.679811
0.228718
0.719678
0.480096
0.181674
0.72087
0.884184
0.519268
0.389523
0.389675
0.683217
0.605328
0.260033
0.642229
0.251026
1.00022
0.495289
0.897681
0.391849
1.14505
0.116114
0.168566
1.03153
0.360625
0.783969
1.17563
1.19672
0.722904
0.322371
0.50561
0.742964
0.624393
0.910537
0.632114
0.158322
0.244434
0.327447
0.246351
1.19509
0.453993
1.09303
0.81879
0.0845172
0.932295
0.589014
0.755357
0.549877
0.60167
1.1087
0.682619
0.199592
0.778996
0.92202
0.123756
0.551284
0.295791
0.667841
0.742997
0.879992
0.270812
0.376253
1.07161
0.11854
1.02917
0.370502
0.880602
0.504047
0.403018
0.384799
0.652925
0.189912
0.809859
1.10059
0.736443
0.871345
0.12728
0.938687
0.406463
0.280215
0.606818
0.87789
0.386906
0.313421
0.849428
0.33935
0.989608
0.533416
1.17637
0.688776
0.491304
0.54312
0.677015
1.09964
0.839165
0.184886
0.624691
0.994211
0.337487
0.49166
0.798489
0.483767
0.881922
0.994332
1.03799
1.16044
0.220715
0.519403
0.39944
0.204691
1.18495
0.961124
0.283711
0.479838
0.493857
0.0909352
0.819941
0.878644
0.178493
0.784191
0.88461
1.17089
0.770851
0.300954
1.07987
0.379808
0.155489
1.04241
0.462737
1.15361
0.200295
0.479567
0.22611
0.235855
0.941544
1.18533
0.186401
1.15075
0.427154
0.491727
0.635281
0.814325
0.281305
0.184701
0.176938
0.538247
0.318535
0.996985
0.137273
0.372363
0.270782
0.447238
0.791131
1.10158
0.455395
0.469357
0.753217
0.838662
1.05344
0.578733
0.607351
0.688831
0.650192
0.0945531
0.178425
1.1244
0.733685
0.923866
1.10194
0.562826
1.17086
0.372117
0.799419
0.5279
0.896322
0.951641
1.19131
1.21595
0.676578
0.565889
0.39436
0.65493
0.424163
0.870523
0.790417
0.721556
1.01349
1.132
1.06675
0.862052
0.135417
1.13832
0.740473
0.710831
0.17279
0.902702
0.309141
1.13396
0.141392
0.0848841
1.036
1.18403
0.80632
0.954169
0.741072
0.617691
0.238014
0.818628
0.637121
0.268359
0.86852
0.0878738
0.173102
0.319488
0.172464
1.12629
0.988533
0.197201
0.600951
0.998671
0.542114
0.710145
0.887584
0.891605
0.481793
0.763832
0.909175
1.06303
0.706033
1.09902
0.131421
0.534538
0.953408
0.684378
0.953036
0.53594
0.567382
0.192668
0.880883
0.109816
0.305723
0.327566
0.655488
0.502833
0.554825
0.117117
0.23595
0.629899
0.432322
1.13719
0.230941
0.93053
0.481613
0.303349
0.62157
0.75382
0.586046
1.10503
0.953974
0.726532
0.666251
0.904034
0.33459
0.887287
0.111446
0.806689
0.164226
0.858163
0.545906
0.509165
0.355469
0.191708
0.76163
0.82523
1.0948
0.345328
1.20118
0.088409
0.973809
0.548645
0.420193
0.637643
0.648217
0.302196
0.429737
1.10062
0.450069
0.673938
1.05753
1.20398
0.156443
0.926054
0.298879
0.531862
0.950126
0.295305
0.233466
0.460234
1.21722
1.0557
0.83087
0.859567
0.369331
0.730219
0.178675
0.173279
0.267229
0.818073
0.772197
1.2228
0.407918
0.623686
1.084
0.727233
0.823179
0.628208
0.734417
0.409994
0.666696
0.264815
0.944327
0.952319
1.19125
0.882136
1.0104
0.677741
0.0925837
0.953482
1.06758
0.149847
1.18543
0.419967
0.468616
0.605516
0.529986
0.308085
0.968784
0.608702
0.543282
0.670737
0.685985
0.858269
0.813826
0.787069
0.329622
0.695657
0.367698
0.782133
0.805649
0.135755
1.1808
0.214059
0.922485
0.447708
0.720688
0.253335
0.451626
0.517553
0.236085
0.836444
1.07565
0.625922
1.10237
0.242706
0.930645
0.98927
0.135208
0.345194
0.185405
0.540189
0.598244
1.08355
0.728087
0.344557
0.325457
0.999057
1.12149
1.01879
0.609009
0.426284
1.11073
0.810657
1.04393
0.527381
0.404374
0.896205
0.104242
0.869219
0.572481
0.275367
0.836492
0.91294
0.0859534
0.335976
0.822991
1.03176
0.505266
0.608561
0.759353
0.569391
0.238459
1.02794
1.21847
0.894656
0.728811
0.269597
1.11233
0.999118
0.719502
0.988763
0.624168
0.472522
1.06799
1.18213
0.442223
1.13965
0.840443
0.335853
0.676507
0.888106
0.865052
0.847187
0.793125
0.457114
0.699489
0.484653
0.559143
0.902931
0.512585
0.485406
0.105012
0.236881
0.401864
0.714065
1.05977
0.255617
0.470685
0.403066
1.06771
0.253261
0.42163
0.289841
1.05279
0.89267
0.89858
1.05702
0.249646
0.744058
0.690511
0.30313
0.0823706
1.05566
1.15541
0.380327
1.11305
0.579273
1.03322
0.143103
0.909577
0.911878
0.0954896
0.987348
0.260269
0.826265
0.636841
0.932819
0.887898
1.18849
0.839169
0.534208
0.25774
1.13256
1.18598
0.963636
1.01094
0.371944
1.19484
0.386406
1.06085
0.599437
0.574643
0.243494
0.440904
0.60217
0.896174
0.780472
1.00005
1.15878
0.618813
0.930949
0.558428
0.109417
0.483299
1.13119
0.507783
0.298046
0.898197
1.00212
0.792971
0.255909
0.22166
0.637014
0.752317
0.762985
0.735961
0.719779
0.287373
0.938948
0.131407
0.698574
0.873294
0.301829
0.552596
0.239537
0.236205
0.21598
1.11841
0.107688
1.18544
0.927538
0.210572
0.372334
0.29393
0.178225
0.320677
0.919129
0.550371
0.373186
0.622746
1.09728
0.589243
0.814856
1.0496
0.633359
0.836485
0.681136
0.706723
0.998418
0.488772
0.58129
0.465961
0.659722
0.368165
0.610315
0.233633
0.96526
0.363337
0.325254
0.985401
1.08252
0.642803
0.728212
0.639095
0.739854
0.433113
0.349244
0.938867
0.951628
0.674918
0.95238
0.696213
0.596454
0.917307
0.92221
1.01761
1.0239
0.334375
0.471707
0.565479
0.581908
0.127815
0.927839
1.05987
0.255197
0.793589
0.137212
0.846287
1.17152
1.11159
0.566622
0.937342
1.02816
0.787289
0.913928
0.713842
0.516479
1.09752
0.445748
0.547473
0.609982
0.907255
0.381797
0.802613
0.465053
0.857354
0.972104
0.833568
0.36283
0.949651
0.204213
1.0736
0.760544
0.116102
1.13813
0.930826
1.18956
0.108633
0.260702
1.02047
1.22305
0.70876
0.474563
0.873672
0.74864
0.760044
0.322264
0.775294
1.0521
0.78989
0.4567
0.480273
0.908424
1.0313
0.916173
0.0906747
0.952908
1.00035
1.02269
0.120312
1.06704
0.877634
1.05647
0.3542
0.27257
0.567302
0.283332
1.0461
0.628989
0.173342
1.18878
0.916405
0.884356
0.354877
0.214046
0.581939
0.999753
0.55469
0.737465
0.117284
1.1188
1.09574
0.16256
0.528443
0.436952
1.1064
0.8134
1.14323
0.143545
0.561103
0.332334
0.817874
0.320055
0.281136
0.741297
0.806807
0.464586
0.181592
0.80738
0.560086
0.667563
0.510511
0.88186
0.404997
1.2024
0.814788
0.828929
0.197649
0.176335
1.17839
0.664851
0.371947
0.418174
0.854989
0.775093
0.737361
0.447553
0.157531
0.957529
0.363885
0.771748
0.570933
0.297116
0.984372
1.1225
0.782156
0.790866
0.745585
0.206286
0.731672
0.707029
0.111852
0.966599
1.08625
0.765484
0.680878
0.45059
0.37767
0.580805
0.762475
1.12868
0.215592
0.880997
0.344532
0.481637
0.323107
1.15421
0.873801
0.633955
0.345793
0.528996
0.726854
0.155891
1.08828
0.783103
0.681048
0.922864
1.21164
1.21436
0.966829
1.13751
0.830528
0.55117
1.10139
0.818279
1.19232
0.480569
0.170532
1.1948
0.441142
0.123634
0.966774
0.547921
0.313955
0.361177
0.959311
1.00893
0.375054
0.822213
0.30075
1.04323
0.944035
0.664711
0.655289
1.21294
0.570061
0.620977
0.486097
1.13346
0.85954
0.0857622
0.874857
0.454709
0.376175
0.615649
0.930826
1.02836
0.803302
0.202313
0.788607
0.3264
0.989447
0.68629
1.03118
0.289422
1.18127
0.831955
0.340254
1.18473
0.918072
1.00134
0.351613
1.11152
0.820263
1.16124
0.143548
0.272769
1.18635
1.17998
0.540228
0.601013
0.353444
0.804559
0.748994
1.17053
0.483976
0.430994
1.11514
0.312536
0.69939
0.962352
0.282036
0.849089
0.74168
0.155572
0.45209
0.732433
0.0797545
0.652334
0.181108
0.235938
0.789247
1.20524
0.209216
0.824914
0.282611
0.535812
0.881746
0.55145
0.406497
1.16311
0.713973
1.01163
0.694102
0.485748
0.154268
0.696855
0.446416
0.973594
0.616002
0.543061
0.782455
0.823453
0.828317
1.16684
0.970302
1.2167
0.780315
0.167033
0.193581
1.11626
1.01431
0.808134
0.845123
0.177076
0.184882
1.14525
0.393917
1.0054
0.636897
1.21236
0.824814
0.698263
0.662812
0.962483
0.586184
1.03685
0.129397
0.647599
1.07981
0.412371
0.598313
1.18674
0.299307
0.234919
0.190667
0.956894
0.211615
0.684741
0.357432
1.0823
0.430862
0.25617
0.937106
0.399633
0.782719
0.433001
0.588428
0.0917066
0.79362
0.195157
0.204176
0.517284
0.0846968
0.896091
0.517217
0.575768
0.151515
0.245279
1.21709
0.546358
1.03035
0.151812
0.616899
0.306983
1.04929
0.687768
0.426015
1.16046
0.817736
1.12976
0.789996
0.692133
1.05095
0.205844
0.469377
0.427159
0.447675
0.190801
1.12012
1.16832
0.460519
0.702322
0.379137
0.63642
1.16483
0.469308
0.999909
1.06067
0.590944
0.949303
0.946986
1.12573
0.573181
0.166398
0.526887
0.0896357
0.104303
0.390334
0.442055
0.616791
0.120124
1.21234
0.565927
1.13281
0.873843
0.442245
0.841102
0.499733
0.933679
0.825562
0.585344
0.289123
1.19649
0.304126
0.402806
1.02085
0.850248
1.10779
0.860023
1.13619
0.959323
0.750545
1.031
1.18921
0.169063
0.970202
0.971435
0.96655
0.15639
1.08661
1.1345
0.419672
0.249667
1.05359
0.792963
0.888748
1.03303
0.222194
0.258936
0.106777
0.33651
0.392224
0.677726
0.340144
0.299681
1.08012
0.709957
0.337846
0.798732
1.10096
0.115603
0.676004
0.406044
0.15816
0.881346
0.919023
0.574723
1.01686
0.408264
0.277958
0.242102
0.629884
0.664394
0.453099
0.713071
0.348393
0.172209
1.20481
0.559038
0.835724
0.48482
0.567728
1.18075
0.284212
0.941404
0.226132
0.462451
0.492419
1.20818
0.568474
0.455844
0.214194
0.862433
1.11277
0.443628
0.647733
0.828335
0.23469
0.983774
0.249026
0.535714
0.87936
0.435411
0.723857
0.329663
0.501734
1.15233
0.633305
1.22317
0.671071
0.438018
0.4678
0.309188
0.546711
0.676188
0.161252
0.889517
0.481219
1.0145
0.807054
1.09822
0.289559
0.789558
0.983499
0.0856431
0.113944
0.812962
0.48118
0.3246
0.355987
0.659683
0.525738
0.0909574
1.03217
0.654041
0.235666
0.139543
1.0811
0.273456
0.463445
0.292544
0.267088
1.09178
0.817379
0.677187
1.10122
1.12745
1.04672
0.0974313
1.13072
0.406729
0.159944
0.348007
1.19344
0.849282
0.690012
1.02443
1.16881
0.338557
1.09134
0.859644
0.241706
0.405186
1.04176
0.766732
0.258403
0.658563
0.303389
0.933564
0.37931
0.47367
0.791643
0.682055
1.19374
0.108179
1.004
0.876251
0.911626
0.703746
0.282735
1.08153
0.223685
0.540687
0.817245
0.365926
0.99339
0.707361
0.609312
0.749617
0.693163
0.240793
0.503778
0.658705
0.803692
1.0835
0.816145
0.18256
0.549047
0.48381
0.159484
0.456805
0.270098
0.847477
0.408689
0.922071
0.884782
0.799933
0.3346
0.301867
1.13639
0.475222
0.76544
0.713023
0.902732
0.470895
0.73532
0.992604
1.00981
0.0802956
0.563583
0.464319
1.03375
0.171053
1.11256
0.996876
0.286768
0.446876
0.549348
1.14779
0.770286
0.260289
0.748932
0.256953
0.640089
0.853248
0.718608
0.732363
0.356799
0.663216
1.18721
0.748422
0.903944
1.05455
0.885644
1.00921
0.650723
0.563644
0.676757
0.374185
0.535418
1.1043
0.138439
0.486117
0.172045
0.502172
0.749801
0.939303
0.722172
0.273722
0.905904
0.731702
0.435963
0.49648
0.559722
0.50618
0.473357
0.460941
0.644895
0.835894
0.921629
0.447806
0.910625
0.258803
0.204033
0.180097
0.405904
0.136519
0.153829
1.20333
0.33858
0.41785
0.636145
1.03861
0.152379
1.04594
0.253062
0.44591
0.141869
0.156556
0.767587
0.759873
0.388851
0.984444
0.849936
0.713636
0.589034
0.14542
1.13333
1.19467
0.366571
0.692754
0.522936
1.20038
1.02151
0.340593
0.389663
0.281301
0.64245
0.213656
0.186509
0.556368
0.827935
0.354711
0.629222
0.14674
0.238778
1.07641
1.20985
0.107217
0.603763
0.958359
0.732176
1.12259
0.0948036
0.281442
0.67818
1.06506
0.96144
0.173776
0.4767
0.124794
0.402775
0.396545
1.08866
0.842057
0.149211
0.542722
0.613874
1.08945
1.09064
1.10571
0.817906
0.857378
0.607582
0.953896
0.908193
0.606039
0.263825
0.358737
0.286015
0.622254
0.121906
1.17138
0.931476
0.563205
0.303082
0.981573
0.861474
1.0597
0.854292
0.137164
0.618305
0.354595
0.620392
0.564614
0.770443
0.0970726
0.175451
1.08915
0.291331
0.459689
0.29249
0.929561
0.616124
0.195927
1.06181
0.234932
0.186773
0.444531
0.468302
0.24112
1.17193
0.232632
0.76954
0.300459
0.716288
0.585762
0.972902
0.662455
0.473251
1.00728
0.743387
0.836631
0.359016
0.338161
0.428049
1.08578
0.942486
0.491889
0.314865
1.00905
0.349467
0.604219
0.746786
0.259322
1.08698
0.344449
0.843024
1.01346
0.692851
0.0817236
1.00277
0.103931
0.745191
0.583887
1.19503
0.738483
0.647691
0.676736
0.0902678
0.150256
0.191522
0.289293
1.11649
0.555349
0.995006
0.400715
1.09938
0.384383
0.982751
0.623506
0.771362
0.72703
0.55676
0.495441
0.8197
0.541702
0.484694
0.373863
0.858645
0.124018
0.434364
1.13077
1.06509
0.128188
0.184265
0.584188
0.876047
0.36826
1.10772
0.101963
0.790496
0.510062
0.863618
0.669666
0.150071
0.566159
0.291566
0.166189
0.96362
0.68043
1.06721
1.00329
0.696732
0.705571
1.20745
0.399295
0.702614
0.11171
0.617057
0.277172
0.698059
0.326539
0.540091
0.80625
0.565829
1.12801
0.136254
1.19462
1.01798
0.698007
0.972092
0.360626
0.932118
0.939488
0.402077
0.826545
0.844739
1.02129
1.1518
1.07587
0.273388
0.812805
0.369322
0.672061
1.04806
0.948862
0.0925637
0.727896
0.467745
0.824342
0.927223
0.350458
0.828746
0.592868
0.277471
0.337232
0.496631
0.714102
0.663633
0.567236
0.654361
0.155357
0.192264
0.274999
0.473453
1.05734
0.219014
1.07101
0.262973
1.19952
1.06858
0.921391
0.303956
0.738831
0.214038
1.07808
0.79291
0.873312
1.13591
0.144439
0.754543
0.268363
0.9671
0.492396
0.520383
0.968073
0.509062
0.884506
0.461718
0.92253
0.270028
0.332676
0.450105
0.36068
0.69258
0.825682
0.529105
0.628366
0.742972
0.846382
0.449656
0.0938518
0.908505
1.19654
1.03688
0.923956
0.0900525
0.161995
0.106576
1.16082
0.460701
0.823624
1.02596
1.08003
0.355414
0.631038
0.941049
0.497621
0.450605
1.02588
0.351033
0.686037
0.119854
0.544863
1.03636
0.254935
0.516194
0.749174
0.280341
0.445255
0.506876
0.710399
1.07752
0.76036
0.969015
0.649523
0.98094
0.369575
1.05233
0.949025
0.109612
0.102003
0.371213
0.505189
0.204516
1.1118
0.566368
0.949708
0.159421
0.0888569
0.369888
1.106
1.20846
0.769036
0.105237
0.942921
0.398575
0.317796
0.645492
0.707534
0.145809
0.714664
0.263089
0.932074
0.920224
0.405813
0.587924
0.217203
